6	0	0	0	100	100	100	100	20.0	0	0	0.0
5	0	0	0	100	100	100	100	20.0	0	0	0.0
9	0	0	0	100	100	100	100	20.0	0	0	0.0
0	1	0	0	99	100	100	100	20.0	1.0	1.0	0.01
2	0	0	0	100	100	100	100	20.0	0	0	0.0
3	0	0	0	100	100	100	100	20.0	0	0	0.0
4	0	0	0	100	100	100	100	20.0	0	0	0.0
7	0	0	0	100	100	100	100	20.0	0	0	0.0
1	1	0	0	99	100	100	100	20.0	1.0	1.0	0.01
8	0	0	0	100	100	100	100	20.0	0	0	0.0
0.2	0.16	0.2	0.16	0.002	1.6e-05
1	60	21	33	19	67	100	100	20.0	0.080971659919	0.526315789474	0.6
0	54	20	30	26	70	100	100	20.0	0.080118694362	0.519230769231	0.54
6	57	24	29	19	71	100	100	20.0	0.0862329803328	0.518181818182	0.57
2	59	22	30	19	70	100	100	20.0	0.086637298091	0.531531531532	0.59
9	53	19	28	28	72	100	100	20.0	0.0838607594937	0.53	0.53
8	56	20	23	24	77	100	100	20.0	0.10447761194	0.565656565657	0.56
5	50	21	22	29	78	100	100	20.0	0.0978473581213	0.537634408602	0.5
4	57	21	28	22	72	100	100	20.0	0.08934169279	0.537735849057	0.57
3	51	19	27	30	73	100	100	20.0	0.083606557377	0.525773195876	0.51
7	53	18	25	29	75	100	100	20.0	0.092819614711	0.552083333333	0.53
0.0885914227138	5.42940682357e-05	0.534414326094	0.000197175971418	0.55	0.001
0	3	8	2	89	98	100	100	20.0	0.0588235294118	0.230769230769	0.03
7	4	3	1	93	99	100	100	20.0	0.148148148148	0.5	0.04
4	0	7	1	93	99	100	100	20.0	0.0	0.0	0.0
9	1	8	3	91	97	100	100	20.0	0.0144927536232	0.0833333333333	0.01
1	2	4	7	94	93	100	100	20.0	0.013698630137	0.153846153846	0.02
6	2	7	2	91	98	100	100	20.0	0.0408163265306	0.181818181818	0.02
3	2	3	3	95	97	100	100	20.0	0.0307692307692	0.25	0.02
5	1	6	2	93	98	100	100	20.0	0.0212765957447	0.111111111111	0.01
8	1	10	1	89	99	100	100	20.0	0.0322580645161	0.0833333333333	0.01
2	1	6	1	93	99	100	100	20.0	0.037037037037	0.125	0.01
0.0397320315918	0.00154971668821	0.171921134421	0.0168771731457	0.017	0.000121
2	0	4	5	196	795	200	800	0.0	0.0	0.0	0.0
9	0	2	5	198	795	200	800	0.0	0.0	0.0	0.0
4	1	3	5	196	795	200	800	0.190476190476	0.0344827586207	0.000797448165869	0.005
5	1	4	6	195	794	200	800	0.153846153846	0.0285714285714	0.000664451827243	0.005
8	1	5	6	194	794	200	800	0.133333333333	0.0277777777778	0.00066401062417	0.005
7	0	4	3	196	797	200	800	0.0	0.0	0.0	0.0
6	1	5	3	194	797	200	800	0.148148148148	0.047619047619	0.00132275132275	0.005
3	2	2	10	196	790	200	800	0.307692307692	0.037037037037	0.000798722044728	0.01
0	1	4	4	195	796	200	800	0.166666666667	0.04	0.000995024875622	0.005
1	2	4	4	194	796	200	800	0.285714285714	0.0769230769231	0.00198807157058	0.01
0.138587708588	0.0292411126549	0.000723048043096	0.0045
6	61	22	26	17	74	100	100	0.559633027523	0.101160862355	0.00233868803435	0.61
0	56	23	28	21	72	100	100	0.523364485981	0.0876369327074	0.00199437301898	0.56
1	62	23	28	15	72	100	100	0.548672566372	0.0961240310078	0.00220758411964	0.62
4	66	17	24	17	76	100	100	0.616822429907	0.117229129663	0.00274052236017	0.66
3	53	21	30	26	70	100	100	0.509615384615	0.0786350148368	0.00176231961162	0.53
2	69	18	32	13	68	100	100	0.579831932773	0.0949105914718	0.00215040359024	0.69
9	54	18	33	28	67	100	100	0.514285714286	0.0737704918033	0.0016328011611	0.54
8	60	23	24	17	76	100	100	0.560747663551	0.106571936057	0.00249138396379	0.6
7	57	21	24	22	76	100	100	0.558823529412	0.102150537634	0.00236730625467	0.57
5	55	19	22	26	78	100	100	0.572916666667	0.107003891051	0.00249161909939	0.55
0.554471340109	0.0965193418586	0.0022177001214	0.593
2	69	18	32	13	68	100	100	0.579831932773	0.0949105914718	0.00215040359024	0.69
0	56	23	28	21	72	100	100	0.523364485981	0.0876369327074	0.00199437301898	0.56
1	62	23	28	15	72	100	100	0.548672566372	0.0961240310078	0.00220758411964	0.62
8	60	23	24	17	76	100	100	0.560747663551	0.106571936057	0.00249138396379	0.6
9	54	18	33	28	67	100	100	0.514285714286	0.0737704918033	0.0016328011611	0.54
3	53	21	30	26	70	100	100	0.509615384615	0.0786350148368	0.00176231961162	0.53
5	55	19	22	26	78	100	100	0.572916666667	0.107003891051	0.00249161909939	0.55
6	61	22	26	17	74	100	100	0.559633027523	0.101160862355	0.00233868803435	0.61
4	66	17	24	17	76	100	100	0.616822429907	0.117229129663	0.00274052236017	0.66
7	57	21	24	22	76	100	100	0.558823529412	0.102150537634	0.00236730625467	0.57
0.554471340109	0.0965193418586	0.0022177001214	0.593
